UNITS=MM
#Layer_Color=65535
#
#Feature symbol names
#
$0 r249.9995
$1 r99.9998
$2 r299.9994
$3 r199.9996
$4 r149.9997
$5 r152.4
$6 rect550.00144x1449.99964

#
#Feature attribute names
#

#
#Layer features
#
A 83.59800146 73.01099952 83.59800146 73.01099952 83.54800156 73.01099952 1 P 0 N
A 88.40600048 67.85799992 88.40600048 67.85799992 88.28099946 67.85799992 0 P 0 N
A 88.83000268 111.68200168 88.83000268 111.68200168 88.70500166 111.68200168 0 P 0 N
A 95.62199824 41.87000008 95.62199824 41.87000008 95.57199834 41.87000008 1 P 0 N
A 96.64800076 44.57199874 96.64800076 44.57199874 96.52299974 44.57199874 0 P 0 N
A 111.63600228 51.94599974 111.63600228 51.94599974 111.51100126 51.94599974 0 P 0 N
A 114.55700228 37.59499974 114.55700228 37.59499974 114.43200126 37.59499974 0 P 0 N
A 116.80299982 35.93100002 116.80299982 35.93100002 116.75299992 35.93100002 1 P 0 N
A 119.28849904 73.83759426 119.28849904 73.83759426 119.16349802 73.83759426 0 P 0 N
A 129.03300076 33.14199874 129.03300076 33.14199874 128.90799974 33.14199874 0 P 0 N
A 130.4956115 60.047886 130.4956115 60.047886 130.3454975 60.047886 2 P 0 N
A 131.35000146 64.12099952 131.35000146 64.12099952 131.30000156 64.12099952 1 P 0 N
A 131.722114 115.194334 131.722114 115.194334 131.572 115.194334 2 P 0 N
A 131.7656115 88.495886 131.7656115 88.495886 131.6154975 88.495886 2 P 0 N
A 132.4089935 59.280552 132.4089935 59.280552 132.2588795 59.280552 2 P 0 N
A 132.62000146 92.82299952 132.62000146 92.82299952 132.57000156 92.82299952 1 P 0 N
A 132.62000146 118.98499952 132.62000146 118.98499952 132.57000156 118.98499952 1 P 0 N
A 133.635496 114.427 133.635496 114.427 133.485382 114.427 2 P 0 N
A 133.6789935 87.728552 133.6789935 87.728552 133.5288795 87.728552 2 P 0 N
A 134.99199824 30.18600008 134.99199824 30.18600008 134.94199834 30.18600008 1 P 0 N
A 140.97618236 53.03281494 140.97618236 53.03281494 140.92618246 53.03281494 1 P 0 N
A 141.08799824 62.44400008 141.08799824 62.44400008 141.03799834 62.44400008 1 P 0 N
A 141.97699824 80.73200008 141.97699824 80.73200008 141.92699834 80.73200008 1 P 0 N
A 142.23099824 91.01900008 142.23099824 91.01900008 142.18099834 91.01900008 1 P 0 N
A 144.51699824 108.03700008 144.51699824 108.03700008 144.46699834 108.03700008 1 P 0 N
A 144.51699824 116.29200008 144.51699824 116.29200008 144.46699834 116.29200008 1 P 0 N
A 152.01700102 56.68499966 152.01700102 56.68499966 151.892 56.68499966 0 P 0 N
A 152.01700102 67.60699966 152.01700102 67.60699966 151.892 67.60699966 0 P 0 N
A 152.01700102 85.8749997 152.01700102 85.8749997 151.892 85.8749997 0 P 0 N
A 152.01700102 96.81699966 152.01700102 96.81699966 151.892 96.81699966 0 P 0 N
A 152.01700102 113.96199966 152.01700102 113.96199966 151.892 113.96199966 0 P 0 N
A 152.01700102 124.89399964 152.01700102 124.89399964 151.892 124.89399964 0 P 0 N
L 85.10599946 62.48799796 87.78100046 62.48799796 3 P 0
L 85.10599946 70.57799956 87.78100046 70.57799956 3 P 0
L 85.7600012 106.63499882 85.7600012 109.2349987 3 P 0
L 85.7600012 106.63499882 86.0600006 106.63499882 3 P 0
L 85.7600012 107.93499876 86.9599988 107.93499876 3 P 0
L 85.7600012 109.2349987 86.0600006 109.2349987 3 P 0
L 85.7600012 109.95200006 85.7600012 112.55199994 3 P 0
L 85.7600012 109.95200006 86.0600006 109.95200006 3 P 0
L 85.7600012 111.252 86.9599988 111.252 3 P 0
L 85.7600012 112.55199994 86.0600006 112.55199994 3 P 0
L 86.6599994 106.63499882 86.9599988 106.63499882 3 P 0
L 86.6599994 109.2349987 86.9599988 109.2349987 3 P 0
L 86.6599994 109.95200006 86.9599988 109.95200006 3 P 0
L 86.6599994 112.55199994 86.9599988 112.55199994 3 P 0
L 86.9599988 106.63499882 86.9599988 109.2349987 3 P 0
L 86.9599988 109.95200006 86.9599988 112.55199994 3 P 0
L 87.78100046 62.48799796 87.78100046 62.95799956 3 P 0
L 87.78100046 70.10799796 87.78100046 70.57799956 3 P 0
L 87.81899886 63.69699986 87.81899886 66.09700014 5 P 0
L 88.74300006 105.1910012 88.74300006 105.4910006 3 P 0
L 88.74300006 105.1910012 91.34299994 105.1910012 3 P 0
L 88.74300006 106.0909994 88.74300006 106.3909988 3 P 0
L 88.74300006 106.3909988 91.34299994 106.3909988 3 P 0
L 88.74300006 106.5880012 88.74300006 106.8880006 3 P 0
L 88.74300006 106.5880012 91.34299994 106.5880012 3 P 0
L 88.74300006 107.4879994 88.74300006 107.7879988 3 P 0
L 88.74300006 107.7879988 91.34299994 107.7879988 3 P 0
L 89.21900114 63.69699986 89.21900114 66.09700014 5 P 0
L 89.45299864 62.77500018 89.45299864 64.22499982 3 P 0
L 89.70299814 64.57500166 89.70299814 68.27499934 3 P 0
L 89.70299814 64.57500166 96.20300038 64.57500166 3 P 0
L 89.70299814 68.27499934 96.20300038 68.27499934 3 P 0
L 89.96949748 61.11444724 91.66655276 62.81150252 5 P 0
L 90.043 105.1910012 90.043 106.3909988 3 P 0
L 90.043 106.5880012 90.043 107.7879988 3 P 0
L 90.1050014 108.43200056 90.1050014 111.53199944 3 P 0
L 90.1050014 108.43200056 91.50500114 108.43200056 3 P 0
L 90.1050014 111.53199944 91.50500114 111.53199944 3 P 0
L 90.22349748 71.85455276 91.92055276 70.15749748 5 P 0
L 90.95944724 60.12449748 92.65650252 61.82155276 5 P 0
L 91.21344724 72.84450252 92.91050252 71.14744724 5 P 0
L 91.34299994 105.1910012 91.34299994 105.4910006 3 P 0
L 91.34299994 106.0909994 91.34299994 106.3909988 3 P 0
L 91.34299994 106.5880012 91.34299994 106.8880006 3 P 0
L 91.34299994 107.4879994 91.34299994 107.7879988 3 P 0
L 91.50500114 108.43200056 91.50500114 111.53199944 3 P 0
L 92.07200026 41.64499926 92.07200026 41.87000008 3 P 0
L 92.07200026 41.64499926 94.87199974 41.64499926 3 P 0
L 92.07200026 43.21999992 92.07200026 43.44500074 3 P 0
L 92.07200026 43.44500074 94.87199974 43.44500074 3 P 0
L 94.87199974 41.64499926 94.87199974 41.87000008 3 P 0
L 94.87199974 43.21999992 94.87199974 43.44500074 3 P 0
L 94.9040012 44.39299986 94.9040012 46.79300014 4 P 0
L 94.9040012 44.39299986 95.1040008 44.39299986 4 P 0
L 94.9040012 45.593 96.1039988 45.593 4 P 0
L 94.9040012 46.79300014 95.1040008 46.79300014 4 P 0
L 95.09300006 47.7870012 95.09300006 48.0870006 3 P 0
L 95.09300006 47.7870012 97.69299994 47.7870012 3 P 0
L 95.09300006 48.6869994 95.09300006 48.9869988 3 P 0
L 95.09300006 48.9869988 97.69299994 48.9869988 3 P 0
L 95.9039992 44.39299986 96.1039988 44.39299986 4 P 0
L 95.9039992 46.79300014 96.1039988 46.79300014 4 P 0
L 96.1039988 44.39299986 96.1039988 46.79300014 4 P 0
L 96.20300038 64.57500166 96.20300038 68.27499934 3 P 0
L 96.393 47.7870012 96.393 48.9869988 3 P 0
L 96.74800056 45.34699846 96.74800056 46.346999 3 P 0
L 96.74800056 45.34699846 99.84799944 45.34699846 3 P 0
L 96.74800056 46.346999 99.84799944 46.346999 3 P 0
L 97.69299994 47.7870012 97.69299994 48.0870006 3 P 0
L 97.69299994 48.6869994 97.69299994 48.9869988 3 P 0
L 99.84799944 45.34699846 99.84799944 46.346999 3 P 0
L 100.39999986 47.5330012 100.39999986 47.7330008 4 P 0
L 100.39999986 47.5330012 102.80000014 47.5330012 4 P 0
L 100.39999986 48.5329992 100.39999986 48.7329988 4 P 0
L 100.39999986 48.7329988 102.80000014 48.7329988 4 P 0
L 100.55400006 46.0090012 100.55400006 46.3090006 3 P 0
L 100.55400006 46.0090012 103.15399994 46.0090012 3 P 0
L 100.55400006 46.9089994 100.55400006 47.2089988 3 P 0
L 100.55400006 47.2089988 103.15399994 47.2089988 3 P 0
L 100.584 83.11999886 100.584 83.312 4 P 0
L 100.584 83.11999886 103.124 83.11999886 4 P 0
L 100.584 84.328 100.584 84.52000114 4 P 0
L 100.584 84.52000114 103.124 84.52000114 4 P 0
L 100.584 84.64399886 100.584 84.836 4 P 0
L 100.584 84.64399886 103.124 84.64399886 4 P 0
L 100.584 85.852 100.584 86.04400114 4 P 0
L 100.584 86.04400114 103.124 86.04400114 4 P 0
L 100.584 86.16799886 100.584 86.36 4 P 0
L 100.584 86.16799886 103.124 86.16799886 4 P 0
L 100.584 87.376 100.584 87.56800114 4 P 0
L 100.584 87.56800114 103.124 87.56800114 4 P 0
L 100.584 87.69199886 100.584 87.884 4 P 0
L 100.584 87.69199886 103.124 87.69199886 4 P 0
L 100.584 88.9 100.584 89.09200114 4 P 0
L 100.584 89.09200114 103.124 89.09200114 4 P 0
L 100.584 89.21599886 100.584 89.408 4 P 0
L 100.584 89.21599886 103.124 89.21599886 4 P 0
L 100.584 90.424 100.584 90.61600114 4 P 0
L 100.584 90.61600114 103.124 90.61600114 4 P 0
L 100.584 90.73999886 100.584 90.932 4 P 0
L 100.584 90.73999886 103.124 90.73999886 4 P 0
L 100.584 91.948 100.584 92.14000114 4 P 0
L 100.584 92.14000114 103.124 92.14000114 4 P 0
L 100.584 92.26399886 100.584 92.456 4 P 0
L 100.584 92.26399886 103.124 92.26399886 4 P 0
L 100.584 93.472 100.584 93.66400114 4 P 0
L 100.584 93.66400114 103.124 93.66400114 4 P 0
L 100.584 93.78799886 100.584 93.98 4 P 0
L 100.584 93.78799886 103.124 93.78799886 4 P 0
L 100.584 94.996 100.584 95.18800114 4 P 0
L 100.584 95.18800114 103.124 95.18800114 4 P 0
L 100.65399986 44.7390012 100.65399986 44.9390008 4 P 0
L 100.65399986 44.7390012 103.05400014 44.7390012 4 P 0
L 100.65399986 45.7389992 100.65399986 45.9389988 4 P 0
L 100.65399986 45.9389988 103.05400014 45.9389988 4 P 0
L 101.6 47.5330012 101.6 48.7329988 4 P 0
L 101.854 44.7390012 101.854 45.9389988 4 P 0
L 101.854 46.0090012 101.854 47.2089988 3 P 0
L 101.854 83.11999886 101.854 84.52000114 4 P 0
L 101.854 84.64399886 101.854 86.04400114 4 P 0
L 101.854 86.16799886 101.854 87.56800114 4 P 0
L 101.854 87.69199886 101.854 89.09200114 4 P 0
L 101.854 89.21599886 101.854 90.61600114 4 P 0
L 101.854 90.73999886 101.854 92.14000114 4 P 0
L 101.854 92.26399886 101.854 93.66400114 4 P 0
L 101.854 93.78799886 101.854 95.18800114 4 P 0
L 102.20500006 50.9620012 102.20500006 51.2620006 3 P 0
L 102.20500006 50.9620012 104.80499994 50.9620012 3 P 0
L 102.20500006 51.8619994 102.20500006 52.1619988 3 P 0
L 102.20500006 52.1619988 104.80499994 52.1619988 3 P 0
L 102.3970012 41.21799986 102.3970012 43.61800014 4 P 0
L 102.3970012 41.21799986 102.5970008 41.21799986 4 P 0
L 102.3970012 42.418 103.5969988 42.418 4 P 0
L 102.3970012 43.61800014 102.5970008 43.61800014 4 P 0
L 102.80000014 47.5330012 102.80000014 47.7330008 4 P 0
L 102.80000014 48.5329992 102.80000014 48.7329988 4 P 0
L 103.05400014 44.7390012 103.05400014 44.9390008 4 P 0
L 103.05400014 45.7389992 103.05400014 45.9389988 4 P 0
L 103.124 83.11999886 103.124 83.312 4 P 0
L 103.124 84.328 103.124 84.52000114 4 P 0
L 103.124 84.64399886 103.124 84.836 4 P 0
L 103.124 85.852 103.124 86.04400114 4 P 0
L 103.124 86.16799886 103.124 86.36 4 P 0
L 103.124 87.376 103.124 87.56800114 4 P 0
L 103.124 87.69199886 103.124 87.884 4 P 0
L 103.124 88.9 103.124 89.09200114 4 P 0
L 103.124 89.21599886 103.124 89.408 4 P 0
L 103.124 90.424 103.124 90.61600114 4 P 0
L 103.124 90.73999886 103.124 90.932 4 P 0
L 103.124 91.948 103.124 92.14000114 4 P 0
L 103.124 92.26399886 103.124 92.456 4 P 0
L 103.124 93.472 103.124 93.66400114 4 P 0
L 103.124 93.78799886 103.124 93.98 4 P 0
L 103.124 94.996 103.124 95.18800114 4 P 0
L 103.15399994 46.0090012 103.15399994 46.3090006 3 P 0
L 103.15399994 46.9089994 103.15399994 47.2089988 3 P 0
L 103.3969992 41.21799986 103.5969988 41.21799986 4 P 0
L 103.3969992 43.61800014 103.5969988 43.61800014 4 P 0
L 103.505 50.9620012 103.505 52.1619988 3 P 0
L 103.5969988 41.21799986 103.5969988 43.61800014 4 P 0
L 103.69399886 63.246 103.69399886 65.786 4 P 0
L 103.69399886 63.246 103.886 63.246 4 P 0
L 103.69399886 64.516 105.09400114 64.516 4 P 0
L 103.69399886 65.786 103.886 65.786 4 P 0
L 103.70199986 43.9770012 103.70199986 44.1770008 4 P 0
L 103.70199986 43.9770012 106.10200014 43.9770012 4 P 0
L 103.70199986 44.9769992 103.70199986 45.1769988 4 P 0
L 103.70199986 45.1769988 106.10200014 45.1769988 4 P 0
L 103.7440013 83.11999886 103.7440013 83.312 4 P 0
L 103.7440013 83.11999886 106.2840013 83.11999886 4 P 0
L 103.7440013 84.328 103.7440013 84.52000114 4 P 0
L 103.7440013 84.52000114 106.2840013 84.52000114 4 P 0
L 103.7440013 84.64399886 103.7440013 84.836 4 P 0
L 103.7440013 84.64399886 106.2840013 84.64399886 4 P 0
L 103.7440013 85.852 103.7440013 86.04400114 4 P 0
L 103.7440013 86.04400114 106.2840013 86.04400114 4 P 0
L 103.7440013 86.16799886 103.7440013 86.36 4 P 0
L 103.7440013 86.16799886 106.2840013 86.16799886 4 P 0
L 103.7440013 87.376 103.7440013 87.56800114 4 P 0
L 103.7440013 87.56800114 106.2840013 87.56800114 4 P 0
L 103.7440013 87.69199886 103.7440013 87.884 4 P 0
L 103.7440013 87.69199886 106.2840013 87.69199886 4 P 0
L 103.7440013 88.9 103.7440013 89.09200114 4 P 0
L 103.7440013 89.09200114 106.2840013 89.09200114 4 P 0
L 103.7440013 89.21599886 103.7440013 89.408 4 P 0
L 103.7440013 89.21599886 106.2840013 89.21599886 4 P 0
L 103.7440013 90.424 103.7440013 90.61600114 4 P 0
L 103.7440013 90.61600114 106.2840013 90.61600114 4 P 0
L 103.7440013 90.73999886 103.7440013 90.932 4 P 0
L 103.7440013 90.73999886 106.2840013 90.73999886 4 P 0
L 103.7440013 91.948 103.7440013 92.14000114 4 P 0
L 103.7440013 92.14000114 106.2840013 92.14000114 4 P 0
L 103.7440013 92.26399886 103.7440013 92.456 4 P 0
L 103.7440013 92.26399886 106.2840013 92.26399886 4 P 0
L 103.7440013 93.472 103.7440013 93.66400114 4 P 0
L 103.7440013 93.66400114 106.2840013 93.66400114 4 P 0
L 103.7440013 93.78799886 103.7440013 93.98 4 P 0
L 103.7440013 93.78799886 106.2840013 93.78799886 4 P 0
L 103.7440013 94.996 103.7440013 95.18800114 4 P 0
L 103.7440013 95.18800114 106.2840013 95.18800114 4 P 0
L 104.0480012 52.29400006 104.0480012 54.89399994 3 P 0
L 104.0480012 52.29400006 104.3480006 52.29400006 3 P 0
L 104.0480012 53.594 105.2479988 53.594 3 P 0
L 104.0480012 54.89399994 104.3480006 54.89399994 3 P 0
L 104.80499994 50.9620012 104.80499994 51.2620006 3 P 0
L 104.80499994 51.8619994 104.80499994 52.1619988 3 P 0
L 104.902 43.9770012 104.902 45.1769988 4 P 0
L 104.902 63.246 105.09400114 63.246 4 P 0
L 104.902 65.786 105.09400114 65.786 4 P 0
L 104.9479994 52.29400006 105.2479988 52.29400006 3 P 0
L 104.9479994 54.89399994 105.2479988 54.89399994 3 P 0
L 105.0140013 83.11999886 105.0140013 84.52000114 4 P 0
L 105.0140013 84.64399886 105.0140013 86.04400114 4 P 0
L 105.0140013 86.16799886 105.0140013 87.56800114 4 P 0
L 105.0140013 87.69199886 105.0140013 89.09200114 4 P 0
L 105.0140013 89.21599886 105.0140013 90.61600114 4 P 0
L 105.0140013 90.73999886 105.0140013 92.14000114 4 P 0
L 105.0140013 92.26399886 105.0140013 93.66400114 4 P 0
L 105.0140013 93.78799886 105.0140013 95.18800114 4 P 0
L 105.09400114 63.246 105.09400114 65.786 4 P 0
L 105.21799886 63.246 105.21799886 65.786 4 P 0
L 105.21799886 63.246 105.41 63.246 4 P 0
L 105.21799886 64.516 106.61800114 64.516 4 P 0
L 105.21799886 65.786 105.41 65.786 4 P 0
L 105.2479988 52.29400006 105.2479988 54.89399994 3 P 0
L 105.86099986 54.3910012 105.86099986 54.5910008 4 P 0
L 105.86099986 54.3910012 108.26100014 54.3910012 4 P 0
L 105.86099986 55.3909992 105.86099986 55.5909988 4 P 0
L 105.86099986 55.5909988 108.26100014 55.5909988 4 P 0
L 106.10200014 43.9770012 106.10200014 44.1770008 4 P 0
L 106.10200014 44.9769992 106.10200014 45.1769988 4 P 0
L 106.2840013 83.11999886 106.2840013 83.312 4 P 0
L 106.2840013 84.328 106.2840013 84.52000114 4 P 0
L 106.2840013 84.64399886 106.2840013 84.836 4 P 0
L 106.2840013 85.852 106.2840013 86.04400114 4 P 0
L 106.2840013 86.16799886 106.2840013 86.36 4 P 0
L 106.2840013 87.376 106.2840013 87.56800114 4 P 0
L 106.2840013 87.69199886 106.2840013 87.884 4 P 0
L 106.2840013 88.9 106.2840013 89.09200114 4 P 0
L 106.2840013 89.21599886 106.2840013 89.408 4 P 0
L 106.2840013 90.424 106.2840013 90.61600114 4 P 0
L 106.2840013 90.73999886 106.2840013 90.932 4 P 0
L 106.2840013 91.948 106.2840013 92.14000114 4 P 0
L 106.2840013 92.26399886 106.2840013 92.456 4 P 0
L 106.2840013 93.472 106.2840013 93.66400114 4 P 0
L 106.2840013 93.78799886 106.2840013 93.98 4 P 0
L 106.2840013 94.996 106.2840013 95.18800114 4 P 0
L 106.426 63.246 106.61800114 63.246 4 P 0
L 106.426 65.786 106.61800114 65.786 4 P 0
L 106.43799896 108.82300054 106.43799896 109.74799996 3 P 0
L 106.43799896 108.82300054 107.66300032 107.59800172 3 P 0
L 106.43799896 112.24800004 106.43799896 113.17299946 3 P 0
L 106.43799896 113.17299946 107.66300032 114.39800082 3 P 0
L 106.61800114 63.246 106.61800114 65.786 4 P 0
L 106.74199886 63.246 106.74199886 65.786 4 P 0
L 106.74199886 63.246 106.934 63.246 4 P 0
L 106.74199886 64.516 108.14200114 64.516 4 P 0
L 106.74199886 65.786 106.934 65.786 4 P 0
L 106.8420012 51.15100006 106.8420012 53.75099994 3 P 0
L 106.8420012 51.15100006 107.1420006 51.15100006 3 P 0
L 106.8420012 52.451 108.0419988 52.451 3 P 0
L 106.8420012 53.75099994 107.1420006 53.75099994 3 P 0
L 107.061 54.3910012 107.061 55.5909988 4 P 0
L 107.66300032 107.59800172 113.2380006 107.59800172 3 P 0
L 107.66300032 114.39800082 113.2380006 114.39800082 3 P 0
L 107.7419994 51.15100006 108.0419988 51.15100006 3 P 0
L 107.7419994 53.75099994 108.0419988 53.75099994 3 P 0
L 107.7850016 60.74300018 109.38500094 60.74300018 3 P 0
L 107.7850016 62.19299982 109.38500094 62.19299982 3 P 0
L 107.95 63.246 108.14200114 63.246 4 P 0
L 107.95 65.786 108.14200114 65.786 4 P 0
L 108.0419988 51.15100006 108.0419988 53.75099994 3 P 0
L 108.14200114 63.246 108.14200114 65.786 4 P 0
L 108.26100014 54.3910012 108.26100014 54.5910008 4 P 0
L 108.26100014 55.3909992 108.26100014 55.5909988 4 P 0
L 108.40099986 56.2960012 108.40099986 56.4960008 4 P 0
L 108.40099986 56.2960012 110.80100014 56.2960012 4 P 0
L 108.40099986 57.2959992 108.40099986 57.4959988 4 P 0
L 108.40099986 57.4959988 110.80100014 57.4959988 4 P 0
L 108.68200006 63.2810012 108.68200006 63.5810006 3 P 0
L 108.68200006 63.2810012 111.28199994 63.2810012 3 P 0
L 108.68200006 64.1809994 108.68200006 64.4809988 3 P 0
L 108.68200006 64.4809988 111.28199994 64.4809988 3 P 0
L 109.3820012 37.94300006 109.3820012 40.54299994 3 P 0
L 109.3820012 37.94300006 109.6820006 37.94300006 3 P 0
L 109.3820012 39.243 110.5819988 39.243 3 P 0
L 109.3820012 40.54299994 109.6820006 40.54299994 3 P 0
L 109.38500094 60.74300018 109.38500094 62.19299982 3 P 0
L 109.601 56.2960012 109.601 57.4959988 4 P 0
L 109.736001 52.17100056 109.736001 55.27099944 3 P 0
L 109.736001 52.17100056 110.73600154 52.17100056 3 P 0
L 109.736001 55.27099944 110.73600154 55.27099944 3 P 0
L 109.982 63.2810012 109.982 64.4809988 3 P 0
L 110.2819994 37.94300006 110.5819988 37.94300006 3 P 0
L 110.2819994 40.54299994 110.5819988 40.54299994 3 P 0
L 110.39349778 68.61159506 110.39349778 71.71159394 3 P 0
L 110.39349778 68.61159506 110.69349972 68.61159506 3 P 0
L 110.39349778 71.71159394 110.69349972 71.71159394 3 P 0
L 110.41849646 70.1615945 112.04349702 70.1615945 3 P 0
L 110.5819988 37.94300006 110.5819988 40.54299994 3 P 0
L 110.73600154 52.17100056 110.73600154 55.27099944 3 P 0
L 110.80100014 56.2960012 110.80100014 56.4960008 4 P 0
L 110.80100014 57.2959992 110.80100014 57.4959988 4 P 0
L 111.19499986 56.2960012 111.19499986 56.4960008 4 P 0
L 111.19499986 56.2960012 113.59500014 56.2960012 4 P 0
L 111.19499986 57.2959992 111.19499986 57.4959988 4 P 0
L 111.19499986 57.4959988 113.59500014 57.4959988 4 P 0
L 111.28199994 63.2810012 111.28199994 63.5810006 3 P 0
L 111.28199994 64.1809994 111.28199994 64.4809988 3 P 0
L 111.70299986 41.1830012 111.70299986 41.3830008 4 P 0
L 111.70299986 41.1830012 114.10300014 41.1830012 4 P 0
L 111.70299986 42.1829992 111.70299986 42.3829988 4 P 0
L 111.70299986 42.3829988 114.10300014 42.3829988 4 P 0
L 111.74349508 68.61159506 112.04349702 68.61159506 3 P 0
L 111.74349508 71.71159394 112.04349702 71.71159394 3 P 0
L 112.04349702 68.61159506 112.04349702 71.71159394 3 P 0
L 112.395 56.2960012 112.395 57.4959988 4 P 0
L 112.41099692 68.79009356 112.41099692 72.29509544 3 P 0
L 112.41099692 68.79009356 118.91599788 68.79009356 3 P 0
L 112.41099692 72.29509544 118.91599788 72.29509544 3 P 0
L 112.45000116 83.98400018 112.45000116 91.78399982 3 P 0
L 112.45000116 83.98400018 116.14999884 83.98400018 3 P 0
L 112.45000116 91.78399982 116.14999884 91.78399982 3 P 0
L 112.657001 37.82000056 112.657001 40.91999944 3 P 0
L 112.657001 37.82000056 113.65700154 37.82000056 3 P 0
L 112.657001 40.91999944 113.65700154 40.91999944 3 P 0
L 112.903 41.1830012 112.903 42.3829988 4 P 0
L 113.2380006 107.59800172 113.2380006 109.74799996 3 P 0
L 113.2380006 112.24800004 113.2380006 114.39800082 3 P 0
L 113.59500014 56.2960012 113.59500014 56.4960008 4 P 0
L 113.59500014 57.2959992 113.59500014 57.4959988 4 P 0
L 113.65700154 37.82000056 113.65700154 40.91999944 3 P 0
L 114.10300014 41.1830012 114.10300014 41.3830008 4 P 0
L 114.10300014 42.1829992 114.10300014 42.3829988 4 P 0
L 115.17799926 32.43100194 115.17799926 35.23100142 3 P 0
L 115.17799926 32.43100194 115.40300008 32.43100194 3 P 0
L 115.17799926 35.23100142 115.40300008 35.23100142 3 P 0
L 115.25899986 40.9290012 115.25899986 41.1290008 4 P 0
L 115.25899986 40.9290012 117.65900014 40.9290012 4 P 0
L 115.25899986 41.9289992 115.25899986 42.1289988 4 P 0
L 115.25899986 42.1289988 117.65900014 42.1289988 4 P 0
L 115.25899986 51.2160012 115.25899986 51.4160008 4 P 0
L 115.25899986 51.2160012 117.65900014 51.2160012 4 P 0
L 115.25899986 52.2159992 115.25899986 52.4159988 4 P 0
L 115.25899986 52.4159988 117.65900014 52.4159988 4 P 0
L 115.25899986 52.4860012 115.25899986 52.6860008 4 P 0
L 115.25899986 52.4860012 117.65900014 52.4860012 4 P 0
L 115.25899986 53.4859992 115.25899986 53.6859988 4 P 0
L 115.25899986 53.6859988 117.65900014 53.6859988 4 P 0
L 115.25899986 53.7560012 115.25899986 53.9560008 4 P 0
L 115.25899986 53.7560012 117.65900014 53.7560012 4 P 0
L 115.25899986 54.7559992 115.25899986 54.9559988 4 P 0
L 115.25899986 54.9559988 117.65900014 54.9559988 4 P 0
L 115.41300006 39.4050012 115.41300006 39.7050006 3 P 0
L 115.41300006 39.4050012 118.01299994 39.4050012 3 P 0
L 115.41300006 40.3049994 115.41300006 40.6049988 3 P 0
L 115.41300006 40.6049988 118.01299994 40.6049988 3 P 0
L 115.51299986 38.0080012 115.51299986 38.2080008 4 P 0
L 115.51299986 38.0080012 117.91300014 38.0080012 4 P 0
L 115.51299986 39.0079992 115.51299986 39.2079988 4 P 0
L 115.51299986 39.2079988 117.91300014 39.2079988 4 P 0
L 116.14999884 83.98400018 116.14999884 91.78399982 3 P 0
L 116.459 40.9290012 116.459 42.1289988 4 P 0
L 116.459 51.2160012 116.459 52.4159988 4 P 0
L 116.459 52.4860012 116.459 53.6859988 4 P 0
L 116.459 53.7560012 116.459 54.9559988 4 P 0
L 116.50000068 83.73400068 117.95000032 83.73400068 3 P 0
L 116.713 38.0080012 116.713 39.2079988 4 P 0
L 116.713 39.4050012 116.713 40.6049988 3 P 0
L 116.75299992 32.43100194 116.97800074 32.43100194 3 P 0
L 116.75299992 35.23100142 116.97800074 35.23100142 3 P 0
L 116.97800074 32.43100194 116.97800074 35.23100142 3 P 0
L 117.65900014 40.9290012 117.65900014 41.1290008 4 P 0
L 117.65900014 41.9289992 117.65900014 42.1289988 4 P 0
L 117.65900014 51.2160012 117.65900014 51.4160008 4 P 0
L 117.65900014 52.2159992 117.65900014 52.4159988 4 P 0
L 117.65900014 52.4860012 117.65900014 52.6860008 4 P 0
L 117.65900014 53.4859992 117.65900014 53.6859988 4 P 0
L 117.65900014 53.7560012 117.65900014 53.9560008 4 P 0
L 117.65900014 54.7559992 117.65900014 54.9559988 4 P 0
L 117.91300014 38.0080012 117.91300014 38.2080008 4 P 0
L 117.91300014 39.0079992 117.91300014 39.2079988 4 P 0
L 118.01299994 39.4050012 118.01299994 39.7050006 3 P 0
L 118.01299994 40.3049994 118.01299994 40.6049988 3 P 0
L 118.1450012 34.74099986 118.1450012 37.14100014 4 P 0
L 118.1450012 34.74099986 118.3450008 34.74099986 4 P 0
L 118.1450012 35.941 119.3449988 35.941 4 P 0
L 118.1450012 37.14100014 118.3450008 37.14100014 4 P 0
L 118.56099986 37.8810012 118.56099986 38.0810008 4 P 0
L 118.56099986 37.8810012 120.96100014 37.8810012 4 P 0
L 118.56099986 38.8809992 118.56099986 39.0809988 4 P 0
L 118.56099986 39.0809988 120.96100014 39.0809988 4 P 0
L 118.91599788 68.79009356 118.91599788 72.29509544 3 P 0
L 119.1449992 34.74099986 119.3449988 34.74099986 4 P 0
L 119.1449992 37.14100014 119.3449988 37.14100014 4 P 0
L 119.3449988 34.74099986 119.3449988 37.14100014 4 P 0
L 119.41049778 68.70259564 119.41049778 71.80259452 3 P 0
L 119.41049778 68.70259564 119.71049972 68.70259564 3 P 0
L 119.41049778 71.80259452 119.71049972 71.80259452 3 P 0
L 119.43549646 70.25259508 121.06049702 70.25259508 3 P 0
L 119.761 37.8810012 119.761 39.0809988 4 P 0
L 119.94999886 99.06 119.94999886 101.6 4 P 0
L 119.94999886 99.06 120.142 99.06 4 P 0
L 119.94999886 100.33 121.35000114 100.33 4 P 0
L 119.94999886 101.6 120.142 101.6 4 P 0
L 120.76049508 68.70259564 121.06049702 68.70259564 3 P 0
L 120.76049508 71.80259452 121.06049702 71.80259452 3 P 0
L 120.96100014 37.8810012 120.96100014 38.0810008 4 P 0
L 120.96100014 38.8809992 120.96100014 39.0809988 4 P 0
L 121.06049702 68.70259564 121.06049702 71.80259452 3 P 0
L 121.158 99.06 121.35000114 99.06 4 P 0
L 121.158 101.6 121.35000114 101.6 4 P 0
L 121.35000114 99.06 121.35000114 101.6 4 P 0
L 121.47399886 99.06 121.47399886 101.6 4 P 0
L 121.47399886 99.06 121.666 99.06 4 P 0
L 121.47399886 100.33 122.87400114 100.33 4 P 0
L 121.47399886 101.6 121.666 101.6 4 P 0
L 122.682 99.06 122.87400114 99.06 4 P 0
L 122.682 101.6 122.87400114 101.6 4 P 0
L 122.87400114 99.06 122.87400114 101.6 4 P 0
L 123.825 70.16599886 123.825 70.358 4 P 0
L 123.825 70.16599886 126.365 70.16599886 4 P 0
L 123.825 71.374 123.825 71.56600114 4 P 0
L 123.825 71.56600114 126.365 71.56600114 4 P 0
L 124.333 99.62999886 124.333 99.822 4 P 0
L 124.333 99.62999886 126.873 99.62999886 4 P 0
L 124.333 100.838 124.333 101.03000114 4 P 0
L 124.333 101.03000114 126.873 101.03000114 4 P 0
L 125.095 70.16599886 125.095 71.56600114 4 P 0
L 125.44600006 35.9760012 125.44600006 36.2760006 3 P 0
L 125.44600006 35.9760012 128.04599994 35.9760012 3 P 0
L 125.44600006 36.8759994 125.44600006 37.1759988 3 P 0
L 125.44600006 37.1759988 128.04599994 37.1759988 3 P 0
L 125.603 99.62999886 125.603 101.03000114 4 P 0
L 126.365 70.16599886 126.365 70.358 4 P 0
L 126.365 71.374 126.365 71.56600114 4 P 0
L 126.63400124 70.16599886 126.63400124 70.358 4 P 0
L 126.63400124 70.16599886 129.17400124 70.16599886 4 P 0
L 126.63400124 71.374 126.63400124 71.56600114 4 P 0
L 126.63400124 71.56600114 129.17400124 71.56600114 4 P 0
L 126.6540012 32.45499986 126.6540012 34.85500014 4 P 0
L 126.6540012 32.45499986 126.8540008 32.45499986 4 P 0
L 126.6540012 33.655 127.8539988 33.655 4 P 0
L 126.6540012 34.85500014 126.8540008 34.85500014 4 P 0
L 126.746 35.9760012 126.746 37.1759988 3 P 0
L 126.746 97.72499886 126.746 97.917 4 P 0
L 126.746 97.72499886 129.286 97.72499886 4 P 0
L 126.746 98.933 126.746 99.12500114 4 P 0
L 126.746 99.12500114 129.286 99.12500114 4 P 0
L 126.873 99.62999886 126.873 99.822 4 P 0
L 126.873 100.838 126.873 101.03000114 4 P 0
L 127.18899886 84.455 127.18899886 86.995 4 P 0
L 127.18899886 84.455 127.381 84.455 4 P 0
L 127.18899886 85.725 128.58900114 85.725 4 P 0
L 127.18899886 86.995 127.381 86.995 4 P 0
L 127.44299886 89.154 127.44299886 91.694 4 P 0
L 127.44299886 89.154 127.635 89.154 4 P 0
L 127.44299886 90.424 128.84300114 90.424 4 P 0
L 127.44299886 91.694 127.635 91.694 4 P 0
L 127.6539992 32.45499986 127.8539988 32.45499986 4 P 0
L 127.6539992 34.85500014 127.8539988 34.85500014 4 P 0
L 127.8539988 32.45499986 127.8539988 34.85500014 4 P 0
L 127.90400124 70.16599886 127.90400124 71.56600114 4 P 0
L 128.016 97.72499886 128.016 99.12500114 4 P 0
L 128.04599994 35.9760012 128.04599994 36.2760006 3 P 0
L 128.04599994 36.8759994 128.04599994 37.1759988 3 P 0
L 128.397 84.455 128.58900114 84.455 4 P 0
L 128.397 86.995 128.58900114 86.995 4 P 0
L 128.58900114 84.455 128.58900114 86.995 4 P 0
L 128.651 89.154 128.84300114 89.154 4 P 0
L 128.651 91.694 128.84300114 91.694 4 P 0
L 128.84300114 89.154 128.84300114 91.694 4 P 0
L 129.13300056 33.91699846 129.13300056 34.916999 3 P 0
L 129.13300056 33.91699846 132.23299944 33.91699846 3 P 0
L 129.13300056 34.916999 132.23299944 34.916999 3 P 0
L 129.17400124 70.16599886 129.17400124 70.358 4 P 0
L 129.17400124 71.374 129.17400124 71.56600114 4 P 0
L 129.286 97.72499886 129.286 97.917 4 P 0
L 129.286 98.933 129.286 99.12500114 4 P 0
L 131.44200026 29.96099926 131.44200026 30.18600008 3 P 0
L 131.44200026 29.96099926 134.24199974 29.96099926 3 P 0
L 131.44200026 31.53599992 131.44200026 31.76100074 3 P 0
L 131.44200026 31.76100074 134.24199974 31.76100074 3 P 0
L 131.5065823 54.799357 131.5065823 59.951747 5 P 0
L 131.5065823 54.799357 134.5494007 54.799357 5 P 0
L 131.5065823 59.951747 134.5494007 59.951747 5 P 0
L 132.23299944 33.91699846 132.23299944 34.916999 3 P 0
L 132.7330848 109.945805 132.7330848 115.098195 5 P 0
L 132.7330848 109.945805 135.7759032 109.945805 5 P 0
L 132.7330848 115.098195 135.7759032 115.098195 5 P 0
L 132.7765823 83.247357 132.7765823 88.399747 5 P 0
L 132.7765823 83.247357 135.8194007 83.247357 5 P 0
L 132.7765823 88.399747 135.8194007 88.399747 5 P 0
L 132.78499986 36.2300012 132.78499986 36.4300008 4 P 0
L 132.78499986 36.2300012 135.18500014 36.2300012 4 P 0
L 132.78499986 37.2299992 132.78499986 37.4299988 4 P 0
L 132.78499986 37.4299988 135.18500014 37.4299988 4 P 0
L 132.81200006 34.5790012 132.81200006 34.8790006 3 P 0
L 132.81200006 34.5790012 135.41199994 34.5790012 3 P 0
L 132.81200006 35.4789994 132.81200006 35.7789988 3 P 0
L 132.81200006 35.7789988 135.41199994 35.7789988 3 P 0
L 132.81200006 60.8680012 132.81200006 61.1680006 3 P 0
L 132.81200006 60.8680012 135.41199994 60.8680012 3 P 0
L 132.81200006 61.7679994 132.81200006 62.0679988 3 P 0
L 132.81200006 62.0679988 135.41199994 62.0679988 3 P 0
L 132.91199986 33.1820012 132.91199986 33.3820008 4 P 0
L 132.91199986 33.1820012 135.31200014 33.1820012 4 P 0
L 132.91199986 34.1819992 132.91199986 34.3819988 4 P 0
L 132.91199986 34.3819988 135.31200014 34.3819988 4 P 0
L 133.82800006 89.3160012 133.82800006 89.6160006 3 P 0
L 133.82800006 89.3160012 136.42799994 89.3160012 3 P 0
L 133.82800006 90.2159994 133.82800006 90.5159988 3 P 0
L 133.82800006 90.5159988 136.42799994 90.5159988 3 P 0
L 133.985 36.2300012 133.985 37.4299988 4 P 0
L 134.112 33.1820012 134.112 34.3819988 4 P 0
L 134.112 34.5790012 134.112 35.7789988 3 P 0
L 134.112 60.8680012 134.112 62.0679988 3 P 0
L 134.24199974 29.96099926 134.24199974 30.18600008 3 P 0
L 134.24199974 31.53599992 134.24199974 31.76100074 3 P 0
L 134.33600006 115.7320012 134.33600006 116.0320006 3 P 0
L 134.33600006 115.7320012 136.93599994 115.7320012 3 P 0
L 134.33600006 116.6319994 134.33600006 116.9319988 3 P 0
L 134.33600006 116.9319988 136.93599994 116.9319988 3 P 0
L 134.5494007 54.799357 134.5494007 59.951747 5 P 0
L 135.128 89.3160012 135.128 90.5159988 3 P 0
L 135.18500014 36.2300012 135.18500014 36.4300008 4 P 0
L 135.18500014 37.2299992 135.18500014 37.4299988 4 P 0
L 135.31200014 33.1820012 135.31200014 33.3820008 4 P 0
L 135.31200014 34.1819992 135.31200014 34.3819988 4 P 0
L 135.41199994 34.5790012 135.41199994 34.8790006 3 P 0
L 135.41199994 35.4789994 135.41199994 35.7789988 3 P 0
L 135.41199994 60.8680012 135.41199994 61.1680006 3 P 0
L 135.41199994 61.7679994 135.41199994 62.0679988 3 P 0
L 135.636 115.7320012 135.636 116.9319988 3 P 0
L 135.6710012 29.91499986 135.6710012 32.31500014 4 P 0
L 135.6710012 29.91499986 135.8710008 29.91499986 4 P 0
L 135.6710012 31.115 136.8709988 31.115 4 P 0
L 135.6710012 32.31500014 135.8710008 32.31500014 4 P 0
L 135.7759032 109.945805 135.7759032 115.098195 5 P 0
L 135.8194007 83.247357 135.8194007 88.399747 5 P 0
L 136.08699986 33.0550012 136.08699986 33.2550008 4 P 0
L 136.08699986 33.0550012 138.48700014 33.0550012 4 P 0
L 136.08699986 34.0549992 136.08699986 34.2549988 4 P 0
L 136.08699986 34.2549988 138.48700014 34.2549988 4 P 0
L 136.42799994 89.3160012 136.42799994 89.6160006 3 P 0
L 136.42799994 90.2159994 136.42799994 90.5159988 3 P 0
L 136.6709992 29.91499986 136.8709988 29.91499986 4 P 0
L 136.6709992 32.31500014 136.8709988 32.31500014 4 P 0
L 136.8709988 29.91499986 136.8709988 32.31500014 4 P 0
L 136.93599994 115.7320012 136.93599994 116.0320006 3 P 0
L 136.93599994 116.6319994 136.93599994 116.9319988 3 P 0
L 137.287 33.0550012 137.287 34.2549988 4 P 0
L 137.42618438 52.80781412 137.42618438 53.03281494 3 P 0
L 137.42618438 52.80781412 140.22618386 52.80781412 3 P 0
L 137.42618438 54.38281478 137.42618438 54.6078156 3 P 0
L 137.42618438 54.6078156 140.22618386 54.6078156 3 P 0
L 137.53800026 62.21899926 137.53800026 62.44400008 3 P 0
L 137.53800026 62.21899926 140.33799974 62.21899926 3 P 0
L 137.53800026 63.79399992 137.53800026 64.01900074 3 P 0
L 137.53800026 64.01900074 140.33799974 64.01900074 3 P 0
L 137.668 51.11599886 137.668 51.308 4 P 0
L 137.668 51.11599886 140.208 51.11599886 4 P 0
L 137.668 52.324 137.668 52.51600114 4 P 0
L 137.668 52.51600114 140.208 52.51600114 4 P 0
L 137.668 60.51399886 137.668 60.706 4 P 0
L 137.668 60.51399886 140.208 60.51399886 4 P 0
L 137.668 61.722 137.668 61.91400114 4 P 0
L 137.668 61.91400114 140.208 61.91400114 4 P 0
L 138.42700026 80.50699926 138.42700026 80.73200008 3 P 0
L 138.42700026 80.50699926 141.22699974 80.50699926 3 P 0
L 138.42700026 82.08199992 138.42700026 82.30700074 3 P 0
L 138.42700026 82.30700074 141.22699974 82.30700074 3 P 0
L 138.48700014 33.0550012 138.48700014 33.2550008 4 P 0
L 138.48700014 34.0549992 138.48700014 34.2549988 4 P 0
L 138.68100026 90.79399926 138.68100026 91.01900008 3 P 0
L 138.68100026 90.79399926 141.48099974 90.79399926 3 P 0
L 138.68100026 92.36899992 138.68100026 92.59400074 3 P 0
L 138.68100026 92.59400074 141.48099974 92.59400074 3 P 0
L 138.684 78.80199886 138.684 78.994 4 P 0
L 138.684 78.80199886 141.224 78.80199886 4 P 0
L 138.684 80.01 138.684 80.20200114 4 P 0
L 138.684 80.20200114 141.224 80.20200114 4 P 0
L 138.811 89.08899886 138.811 89.281 4 P 0
L 138.811 89.08899886 141.351 89.08899886 4 P 0
L 138.811 90.297 138.811 90.48900114 4 P 0
L 138.811 90.48900114 141.351 90.48900114 4 P 0
L 138.938 51.11599886 138.938 52.51600114 4 P 0
L 138.938 60.51399886 138.938 61.91400114 4 P 0
L 139.954 78.80199886 139.954 80.20200114 4 P 0
L 140.081 89.08899886 140.081 90.48900114 4 P 0
L 140.208 51.11599886 140.208 51.308 4 P 0
L 140.208 52.324 140.208 52.51600114 4 P 0
L 140.208 60.51399886 140.208 60.706 4 P 0
L 140.208 61.722 140.208 61.91400114 4 P 0
L 140.22618386 52.80781412 140.22618386 53.03281494 3 P 0
L 140.22618386 54.38281478 140.22618386 54.6078156 3 P 0
L 140.33799974 62.21899926 140.33799974 62.44400008 3 P 0
L 140.33799974 63.79399992 140.33799974 64.01900074 3 P 0
L 140.96700026 107.81199926 140.96700026 108.03700008 3 P 0
L 140.96700026 107.81199926 143.76699974 107.81199926 3 P 0
L 140.96700026 109.38699992 140.96700026 109.61200074 3 P 0
L 140.96700026 109.61200074 143.76699974 109.61200074 3 P 0
L 140.96700026 116.06699926 140.96700026 116.29200008 3 P 0
L 140.96700026 116.06699926 143.76699974 116.06699926 3 P 0
L 140.96700026 117.64199992 140.96700026 117.86700074 3 P 0
L 140.96700026 117.86700074 143.76699974 117.86700074 3 P 0
L 141.097 114.36199886 141.097 114.554 4 P 0
L 141.097 114.36199886 143.637 114.36199886 4 P 0
L 141.097 115.57 141.097 115.76200114 4 P 0
L 141.097 115.76200114 143.637 115.76200114 4 P 0
L 141.11200124 106.10699886 141.11200124 106.299 4 P 0
L 141.11200124 106.10699886 143.65200124 106.10699886 4 P 0
L 141.11200124 107.315 141.11200124 107.50700114 4 P 0
L 141.11200124 107.50700114 143.65200124 107.50700114 4 P 0
L 141.224 78.80199886 141.224 78.994 4 P 0
L 141.224 80.01 141.224 80.20200114 4 P 0
L 141.22699974 80.50699926 141.22699974 80.73200008 3 P 0
L 141.22699974 82.08199992 141.22699974 82.30700074 3 P 0
L 141.351 89.08899886 141.351 89.281 4 P 0
L 141.351 90.297 141.351 90.48900114 4 P 0
L 141.48099974 90.79399926 141.48099974 91.01900008 3 P 0
L 141.48099974 92.36899992 141.48099974 92.59400074 3 P 0
L 142.367 114.36199886 142.367 115.76200114 4 P 0
L 142.38200124 106.10699886 142.38200124 107.50700114 4 P 0
L 143.637 114.36199886 143.637 114.554 4 P 0
L 143.637 115.57 143.637 115.76200114 4 P 0
L 143.65200124 106.10699886 143.65200124 106.299 4 P 0
L 143.65200124 107.315 143.65200124 107.50700114 4 P 0
L 143.76699974 107.81199926 143.76699974 108.03700008 3 P 0
L 143.76699974 109.38699992 143.76699974 109.61200074 3 P 0
L 143.76699974 116.06699926 143.76699974 116.29200008 3 P 0
L 143.76699974 117.64199992 143.76699974 117.86700074 3 P 0
L 150.09999952 43.09599966 150.09999952 43.39599906 3 P 0
L 150.09999952 43.09599966 154.70000048 43.09599966 3 P 0
L 150.09999952 44.99600094 150.09999952 45.29600034 3 P 0
L 150.09999952 45.29600034 154.70000048 45.29600034 3 P 0
L 150.09999952 72.30599966 150.09999952 72.60599906 3 P 0
L 150.09999952 72.30599966 154.70000048 72.30599966 3 P 0
L 150.09999952 74.20600094 150.09999952 74.50600034 3 P 0
L 150.09999952 74.50600034 154.70000048 74.50600034 3 P 0
L 150.09999952 100.24599966 150.09999952 100.54599906 3 P 0
L 150.09999952 100.24599966 154.70000048 100.24599966 3 P 0
L 150.09999952 102.14600094 150.09999952 102.44600034 3 P 0
L 150.09999952 102.44600034 154.70000048 102.44600034 3 P 0
L 150.15200094 45.6349989 150.15200094 56.03500096 3 P 0
L 150.15200094 45.6349989 154.75199936 45.6349989 3 P 0
L 150.15200094 56.03500096 154.75199936 56.03500096 3 P 0
L 150.15200094 56.5569989 150.15200094 66.95700096 3 P 0
L 150.15200094 56.5569989 154.75199936 56.5569989 3 P 0
L 150.15200094 66.95700096 154.75199936 66.95700096 3 P 0
L 150.15200094 74.82499894 150.15200094 85.225001 3 P 0
L 150.15200094 74.82499894 154.75199936 74.82499894 3 P 0
L 150.15200094 85.225001 154.75199936 85.225001 3 P 0
L 150.15200094 85.7669989 150.15200094 96.16700096 3 P 0
L 150.15200094 85.7669989 154.75199936 85.7669989 3 P 0
L 150.15200094 96.16700096 154.75199936 96.16700096 3 P 0
L 150.15200094 102.9119989 150.15200094 113.31200096 3 P 0
L 150.15200094 102.9119989 154.75199936 102.9119989 3 P 0
L 150.15200094 113.31200096 154.75199936 113.31200096 3 P 0
L 150.15200094 113.84399888 150.15200094 124.24400094 3 P 0
L 150.15200094 113.84399888 154.75199936 113.84399888 3 P 0
L 150.15200094 124.24400094 154.75199936 124.24400094 3 P 0
L 152.4 43.09599966 152.4 45.29600034 3 P 0
L 152.4 72.30599966 152.4 74.50600034 3 P 0
L 152.4 100.24599966 152.4 102.44600034 3 P 0
L 154.25200036 45.6349989 154.25200036 56.03500096 3 P 0
L 154.25200036 56.5569989 154.25200036 66.95700096 3 P 0
L 154.25200036 74.82499894 154.25200036 85.225001 3 P 0
L 154.25200036 85.7669989 154.25200036 96.16700096 3 P 0
L 154.25200036 102.9119989 154.25200036 113.31200096 3 P 0
L 154.25200036 113.84399888 154.25200036 124.24400094 3 P 0
L 154.70000048 43.09599966 154.70000048 43.39599906 3 P 0
L 154.70000048 44.99600094 154.70000048 45.29600034 3 P 0
L 154.70000048 72.30599966 154.70000048 72.60599906 3 P 0
L 154.70000048 74.20600094 154.70000048 74.50600034 3 P 0
L 154.70000048 100.24599966 154.70000048 100.54599906 3 P 0
L 154.70000048 102.14600094 154.70000048 102.44600034 3 P 0
L 154.75199936 45.6349989 154.75199936 56.03500096 3 P 0
L 154.75199936 56.5569989 154.75199936 66.95700096 3 P 0
L 154.75199936 74.82499894 154.75199936 85.225001 3 P 0
L 154.75199936 85.7669989 154.75199936 96.16700096 3 P 0
L 154.75199936 102.9119989 154.75199936 113.31200096 3 P 0
L 154.75199936 113.84399888 154.75199936 124.24400094 3 P 0
P 109.11008912 61.46861722 6 P 0 0
